Information of house stactics in level 1 drainage
%%%%%%%%%%%%%%%%%%%%%%%%%%%%%%%%%%%%%%%%%%%%%%%%%%
ID         House number House roof area
15         121          8926.84        
17         17           1526.13        
26         66           4544.81        
28         11           661.02         
30         12           1009.71        
44         107          8345.71        
45         16           1595.39        
54         114          8582.88        
55         2            247.86         
58         36           3542.78        
59         7            462.20         
69         61           4116.22        
87         179          17409.45       
84         14           1436.38        
88         6            521.85         
92         68           5898.03        
99         57           4990.31        
147        2            186.75         
151        85           10023.03       
146        14           689.78         
145        14           712.59         
125        3            143.66         
124        18           1158.27        
122        26           2033.33        
120        18           1013.72        
118        37           2918.69        
113        3            265.53         
112        102          6910.29        
144        184          14115.48       
175        162          13544.22       
193        49           5115.82        
195        34           3853.57        
200        86           5955.91        
202        46           3097.02        
206        46           2434.63        
208        26           1601.92        
209        4            775.45         
218        15           1590.21        
221        14           1152.59        
223        7            322.96         
228        28           2360.60        
172        46           2672.56        
153        2            71.38          
167        63           5704.94        
169        22           1526.21        
9999       34           2541.45        
%%%%%%%%%%%%%%%%%%%%%%%%%%%%%%%%%%%%%%%%%%%%%%%%%%
